danceability_bin,energy_bin,valence_bin,acousticness_bin,tempo_bin,avg_popularity,count,danceability_val,energy_val,valence_val,acousticness_val,tempo_val
0,0,0,0,0.0,37.92307692307692,26,0.05,0.05,0.05,0.05,5.0
0,0,0,1,0.0,37.354838709677416,31,0.05,0.05,0.05,0.15000000000000002,5.0
0,0,0,9,0.0,36.977777777777774,45,0.05,0.05,0.05,0.9500000000000001,5.0
0,0,0,9,6.0,31.363636363636363,22,0.05,0.05,0.05,0.9500000000000001,65.0
0,0,0,9,7.0,42.054054054054056,37,0.05,0.05,0.05,0.9500000000000001,75.0
1,0,0,9,6.0,40.02,50,0.15000000000000002,0.05,0.05,0.9500000000000001,65.0
1,0,0,9,7.0,37.96875,96,0.15000000000000002,0.05,0.05,0.9500000000000001,75.0
1,0,0,9,8.0,27.07547169811321,53,0.15000000000000002,0.05,0.05,0.9500000000000001,85.0
1,0,0,9,9.0,24.714285714285715,21,0.15000000000000002,0.05,0.05,0.9500000000000001,95.0
1,0,0,9,13.0,35.94117647058823,34,0.15000000000000002,0.05,0.05,0.9500000000000001,135.0
1,0,0,9,14.0,39.45454545454545,22,0.15000000000000002,0.05,0.05,0.9500000000000001,145.0
1,1,0,9,7.0,16.25581395348837,43,0.15000000000000002,0.15000000000000002,0.05,0.9500000000000001,75.0
1,1,0,9,8.0,22.217391304347824,23,0.15000000000000002,0.15000000000000002,0.05,0.9500000000000001,85.0
1,9,0,0,8.0,32.2,20,0.15000000000000002,0.9500000000000001,0.05,0.05,85.0
1,9,0,0,9.0,20.454545454545453,22,0.15000000000000002,0.9500000000000001,0.05,0.05,95.0
1,9,0,0,11.0,14.55,20,0.15000000000000002,0.9500000000000001,0.05,0.05,115.0
1,9,0,0,12.0,15.285714285714286,21,0.15000000000000002,0.9500000000000001,0.05,0.05,125.0
1,9,0,0,13.0,19.64,25,0.15000000000000002,0.9500000000000001,0.05,0.05,135.0
1,9,0,0,15.0,20.73913043478261,23,0.15000000000000002,0.9500000000000001,0.05,0.05,155.0
1,9,0,0,17.0,19.7,20,0.15000000000000002,0.9500000000000001,0.05,0.05,175.0
2,0,0,9,6.0,31.46938775510204,49,0.25,0.05,0.05,0.9500000000000001,65.0
2,0,0,9,7.0,29.142857142857142,63,0.25,0.05,0.05,0.9500000000000001,75.0
2,0,0,9,8.0,24.03030303030303,33,0.25,0.05,0.05,0.9500000000000001,85.0
2,0,1,9,7.0,24.565217391304348,23,0.25,0.05,0.15000000000000002,0.9500000000000001,75.0
2,1,0,9,7.0,23.095238095238095,21,0.25,0.15000000000000002,0.05,0.9500000000000001,75.0
2,1,0,9,8.0,22.05,20,0.25,0.15000000000000002,0.05,0.9500000000000001,85.0
2,1,1,9,7.0,17.2,20,0.25,0.15000000000000002,0.15000000000000002,0.9500000000000001,75.0
2,1,1,9,8.0,20.848484848484848,33,0.25,0.15000000000000002,0.15000000000000002,0.9500000000000001,85.0
2,6,3,4,20.0,0.5217391304347826,23,0.25,0.6500000000000001,0.35000000000000003,0.45,205.0
2,9,0,0,9.0,19.9,20,0.25,0.9500000000000001,0.05,0.05,95.0
2,9,0,0,10.0,18.857142857142858,49,0.25,0.9500000000000001,0.05,0.05,105.0
2,9,0,0,11.0,17.5,42,0.25,0.9500000000000001,0.05,0.05,115.0
2,9,0,0,12.0,17.9375,32,0.25,0.9500000000000001,0.05,0.05,125.0
2,9,0,0,13.0,21.107142857142858,28,0.25,0.9500000000000001,0.05,0.05,135.0
2,9,1,0,9.0,20.26,50,0.25,0.9500000000000001,0.15000000000000002,0.05,95.0
2,9,1,0,10.0,22.97872340425532,47,0.25,0.9500000000000001,0.15000000000000002,0.05,105.0
2,9,1,0,11.0,26.630434782608695,46,0.25,0.9500000000000001,0.15000000000000002,0.05,115.0
2,9,1,0,12.0,20.848484848484848,33,0.25,0.9500000000000001,0.15000000000000002,0.05,125.0
2,9,1,0,13.0,22.8,25,0.25,0.9500000000000001,0.15000000000000002,0.05,135.0
2,9,1,0,14.0,27.703703703703702,27,0.25,0.9500000000000001,0.15000000000000002,0.05,145.0
2,9,1,0,15.0,26.583333333333332,24,0.25,0.9500000000000001,0.15000000000000002,0.05,155.0
2,9,1,0,16.0,23.0,26,0.25,0.9500000000000001,0.15000000000000002,0.05,165.0
2,9,2,0,9.0,29.0,29,0.25,0.9500000000000001,0.25,0.05,95.0
2,9,2,0,10.0,24.46875,32,0.25,0.9500000000000001,0.25,0.05,105.0
2,9,2,0,11.0,24.8125,32,0.25,0.9500000000000001,0.25,0.05,115.0
2,9,2,0,12.0,20.227272727272727,22,0.25,0.9500000000000001,0.25,0.05,125.0
2,9,2,0,13.0,24.625,24,0.25,0.9500000000000001,0.25,0.05,135.0
2,9,2,0,14.0,24.433333333333334,30,0.25,0.9500000000000001,0.25,0.05,145.0
2,9,2,0,15.0,25.217391304347824,23,0.25,0.9500000000000001,0.25,0.05,155.0
2,9,2,0,17.0,34.28,25,0.25,0.9500000000000001,0.25,0.05,175.0
2,9,3,0,10.0,29.565217391304348,23,0.25,0.9500000000000001,0.35000000000000003,0.05,105.0
2,9,3,0,11.0,22.0,21,0.25,0.9500000000000001,0.35000000000000003,0.05,115.0
2,9,3,0,15.0,22.95,20,0.25,0.9500000000000001,0.35000000000000003,0.05,155.0
2,9,3,0,17.0,23.391304347826086,23,0.25,0.9500000000000001,0.35000000000000003,0.05,175.0
3,0,0,9,6.0,24.8,30,0.35000000000000003,0.05,0.05,0.9500000000000001,65.0
3,0,0,9,7.0,22.555555555555557,27,0.35000000000000003,0.05,0.05,0.9500000000000001,75.0
3,0,0,9,12.0,29.5,22,0.35000000000000003,0.05,0.05,0.9500000000000001,125.0
3,0,0,9,13.0,24.45,20,0.35000000000000003,0.05,0.05,0.9500000000000001,135.0
3,0,1,9,6.0,31.25,32,0.35000000000000003,0.05,0.15000000000000002,0.9500000000000001,65.0
3,0,1,9,7.0,30.20689655172414,29,0.35000000000000003,0.05,0.15000000000000002,0.9500000000000001,75.0
3,0,1,9,9.0,32.23076923076923,26,0.35000000000000003,0.05,0.15000000000000002,0.9500000000000001,95.0
3,1,1,9,7.0,28.0,23,0.35000000000000003,0.15000000000000002,0.15000000000000002,0.9500000000000001,75.0
3,1,1,9,8.0,13.380952380952381,21,0.35000000000000003,0.15000000000000002,0.15000000000000002,0.9500000000000001,85.0
3,2,2,9,7.0,4.4411764705882355,34,0.35000000000000003,0.25,0.25,0.9500000000000001,75.0
3,8,1,0,15.0,36.0,22,0.35000000000000003,0.8500000000000001,0.15000000000000002,0.05,155.0
3,8,3,0,10.0,34.5,20,0.35000000000000003,0.8500000000000001,0.35000000000000003,0.05,105.0
3,8,3,0,15.0,25.458333333333332,24,0.35000000000000003,0.8500000000000001,0.35000000000000003,0.05,155.0
3,9,0,0,10.0,19.394736842105264,38,0.35000000000000003,0.9500000000000001,0.05,0.05,105.0
3,9,0,0,11.0,19.09375,32,0.35000000000000003,0.9500000000000001,0.05,0.05,115.0
3,9,0,0,12.0,19.103448275862068,29,0.35000000000000003,0.9500000000000001,0.05,0.05,125.0
3,9,0,0,13.0,27.17241379310345,29,0.35000000000000003,0.9500000000000001,0.05,0.05,135.0
3,9,0,0,17.0,23.53846153846154,26,0.35000000000000003,0.9500000000000001,0.05,0.05,175.0
3,9,1,0,9.0,31.966666666666665,30,0.35000000000000003,0.9500000000000001,0.15000000000000002,0.05,95.0
3,9,1,0,10.0,28.428571428571427,28,0.35000000000000003,0.9500000000000001,0.15000000000000002,0.05,105.0
3,9,1,0,11.0,26.77777777777778,27,0.35000000000000003,0.9500000000000001,0.15000000000000002,0.05,115.0
3,9,1,0,12.0,23.727272727272727,33,0.35000000000000003,0.9500000000000001,0.15000000000000002,0.05,125.0
3,9,1,0,13.0,33.0,30,0.35000000000000003,0.9500000000000001,0.15000000000000002,0.05,135.0
3,9,1,0,14.0,28.0,29,0.35000000000000003,0.9500000000000001,0.15000000000000002,0.05,145.0
3,9,1,0,15.0,32.18181818181818,22,0.35000000000000003,0.9500000000000001,0.15000000000000002,0.05,155.0
3,9,1,0,17.0,30.627906976744185,43,0.35000000000000003,0.9500000000000001,0.15000000000000002,0.05,175.0
3,9,2,0,9.0,30.125,32,0.35000000000000003,0.9500000000000001,0.25,0.05,95.0
3,9,2,0,10.0,24.53125,32,0.35000000000000003,0.9500000000000001,0.25,0.05,105.0
3,9,2,0,11.0,21.96551724137931,29,0.35000000000000003,0.9500000000000001,0.25,0.05,115.0
3,9,2,0,12.0,27.636363636363637,22,0.35000000000000003,0.9500000000000001,0.25,0.05,125.0
3,9,2,0,13.0,27.433333333333334,30,0.35000000000000003,0.9500000000000001,0.25,0.05,135.0
3,9,2,0,14.0,26.636363636363637,33,0.35000000000000003,0.9500000000000001,0.25,0.05,145.0
3,9,2,0,15.0,28.96,25,0.35000000000000003,0.9500000000000001,0.25,0.05,155.0
3,9,2,0,16.0,35.486486486486484,37,0.35000000000000003,0.9500000000000001,0.25,0.05,165.0
3,9,2,0,17.0,29.303030303030305,33,0.35000000000000003,0.9500000000000001,0.25,0.05,175.0
3,9,2,0,18.0,24.576923076923077,26,0.35000000000000003,0.9500000000000001,0.25,0.05,185.0
3,9,3,0,9.0,28.457142857142856,35,0.35000000000000003,0.9500000000000001,0.35000000000000003,0.05,95.0
3,9,3,0,10.0,23.727272727272727,22,0.35000000000000003,0.9500000000000001,0.35000000000000003,0.05,105.0
3,9,3,0,11.0,27.62962962962963,27,0.35000000000000003,0.9500000000000001,0.35000000000000003,0.05,115.0
3,9,3,0,14.0,35.93103448275862,29,0.35000000000000003,0.9500000000000001,0.35000000000000003,0.05,145.0
3,9,3,0,15.0,32.27777777777778,36,0.35000000000000003,0.9500000000000001,0.35000000000000003,0.05,155.0
3,9,3,0,16.0,32.375,40,0.35000000000000003,0.9500000000000001,0.35000000000000003,0.05,165.0
3,9,3,0,17.0,36.83783783783784,37,0.35000000000000003,0.9500000000000001,0.35000000000000003,0.05,175.0
3,9,4,0,9.0,30.82758620689655,29,0.35000000000000003,0.9500000000000001,0.45,0.05,95.0
3,9,4,0,13.0,33.0,21,0.35000000000000003,0.9500000000000001,0.45,0.05,135.0
3,9,4,0,14.0,30.666666666666668,24,0.35000000000000003,0.9500000000000001,0.45,0.05,145.0
3,9,4,0,15.0,33.31818181818182,22,0.35000000000000003,0.9500000000000001,0.45,0.05,155.0
3,9,4,0,16.0,33.608695652173914,23,0.35000000000000003,0.9500000000000001,0.45,0.05,165.0
3,9,4,0,17.0,33.97727272727273,44,0.35000000000000003,0.9500000000000001,0.45,0.05,175.0
3,9,5,0,17.0,30.0,29,0.35000000000000003,0.9500000000000001,0.55,0.05,175.0
3,9,5,0,18.0,39.708333333333336,24,0.35000000000000003,0.9500000000000001,0.55,0.05,185.0
3,9,6,0,15.0,26.3,20,0.35000000000000003,0.9500000000000001,0.6500000000000001,0.05,155.0
4,0,1,9,7.0,31.275862068965516,29,0.45,0.05,0.15000000000000002,0.9500000000000001,75.0
4,0,1,9,8.0,22.517241379310345,29,0.45,0.05,0.15000000000000002,0.9500000000000001,85.0
4,0,1,9,10.0,23.80952380952381,21,0.45,0.05,0.15000000000000002,0.9500000000000001,105.0
4,0,1,9,13.0,30.869565217391305,23,0.45,0.05,0.15000000000000002,0.9500000000000001,135.0
4,0,2,9,10.0,25.91304347826087,23,0.45,0.05,0.25,0.9500000000000001,105.0
4,1,1,9,11.0,29.95,20,0.45,0.15000000000000002,0.15000000000000002,0.9500000000000001,115.0
4,1,3,9,7.0,9.08,25,0.45,0.15000000000000002,0.35000000000000003,0.9500000000000001,75.0
4,1,5,8,12.0,0.09090909090909091,22,0.45,0.15000000000000002,0.55,0.8500000000000001,125.0
4,3,6,7,13.0,2.9642857142857144,28,0.45,0.35000000000000003,0.6500000000000001,0.7500000000000001,135.0
4,6,1,0,13.0,37.35,20,0.45,0.6500000000000001,0.15000000000000002,0.05,135.0
4,6,1,0,14.0,45.0,24,0.45,0.6500000000000001,0.15000000000000002,0.05,145.0
4,6,4,0,18.0,4.25,20,0.45,0.6500000000000001,0.45,0.05,185.0
4,7,2,0,13.0,35.15625,32,0.45,0.7500000000000001,0.25,0.05,135.0
4,7,2,0,14.0,46.5,26,0.45,0.7500000000000001,0.25,0.05,145.0
4,7,3,0,14.0,41.04761904761905,21,0.45,0.7500000000000001,0.35000000000000003,0.05,145.0
4,8,0,0,17.0,31.153846153846153,26,0.45,0.8500000000000001,0.05,0.05,175.0
4,8,1,0,13.0,39.3,20,0.45,0.8500000000000001,0.15000000000000002,0.05,135.0
4,8,1,0,17.0,33.45,20,0.45,0.8500000000000001,0.15000000000000002,0.05,175.0
4,8,2,0,9.0,33.57142857142857,21,0.45,0.8500000000000001,0.25,0.05,95.0
4,8,2,0,12.0,36.80952380952381,21,0.45,0.8500000000000001,0.25,0.05,125.0
4,8,2,0,13.0,43.7037037037037,27,0.45,0.8500000000000001,0.25,0.05,135.0
4,8,2,0,14.0,43.38709677419355,31,0.45,0.8500000000000001,0.25,0.05,145.0
4,8,2,0,15.0,42.84615384615385,26,0.45,0.8500000000000001,0.25,0.05,155.0
4,8,3,0,11.0,44.45454545454545,22,0.45,0.8500000000000001,0.35000000000000003,0.05,115.0
4,8,3,0,12.0,32.333333333333336,27,0.45,0.8500000000000001,0.35000000000000003,0.05,125.0
4,8,3,0,13.0,38.592592592592595,27,0.45,0.8500000000000001,0.35000000000000003,0.05,135.0
4,8,3,0,14.0,44.24390243902439,41,0.45,0.8500000000000001,0.35000000000000003,0.05,145.0
4,8,3,0,15.0,39.91304347826087,23,0.45,0.8500000000000001,0.35000000000000003,0.05,155.0
4,8,3,0,17.0,27.6,25,0.45,0.8500000000000001,0.35000000000000003,0.05,175.0
4,8,4,0,8.0,43.38095238095238,21,0.45,0.8500000000000001,0.45,0.05,85.0
4,8,4,0,10.0,39.47826086956522,23,0.45,0.8500000000000001,0.45,0.05,105.0
4,8,4,0,12.0,42.370370370370374,27,0.45,0.8500000000000001,0.45,0.05,125.0
4,8,4,0,14.0,34.93939393939394,33,0.45,0.8500000000000001,0.45,0.05,145.0
4,8,4,0,15.0,41.9,20,0.45,0.8500000000000001,0.45,0.05,155.0
4,8,4,0,17.0,41.3,20,0.45,0.8500000000000001,0.45,0.05,175.0
4,8,5,0,12.0,39.608695652173914,23,0.45,0.8500000000000001,0.55,0.05,125.0
4,8,5,0,13.0,33.87179487179487,39,0.45,0.8500000000000001,0.55,0.05,135.0
4,8,5,0,15.0,38.416666666666664,24,0.45,0.8500000000000001,0.55,0.05,155.0
4,8,5,0,16.0,48.72727272727273,22,0.45,0.8500000000000001,0.55,0.05,165.0
4,8,6,0,13.0,17.181818181818183,33,0.45,0.8500000000000001,0.6500000000000001,0.05,135.0
4,8,6,0,14.0,30.46875,32,0.45,0.8500000000000001,0.6500000000000001,0.05,145.0
4,8,6,0,15.0,40.73913043478261,23,0.45,0.8500000000000001,0.6500000000000001,0.05,155.0
4,8,6,0,16.0,30.037037037037038,27,0.45,0.8500000000000001,0.6500000000000001,0.05,165.0
4,9,0,0,10.0,23.057142857142857,35,0.45,0.9500000000000001,0.05,0.05,105.0
4,9,0,0,11.0,29.772727272727273,22,0.45,0.9500000000000001,0.05,0.05,115.0
4,9,0,0,12.0,31.0,36,0.45,0.9500000000000001,0.05,0.05,125.0
4,9,0,0,13.0,30.634146341463413,41,0.45,0.9500000000000001,0.05,0.05,135.0
4,9,0,0,14.0,31.73913043478261,23,0.45,0.9500000000000001,0.05,0.05,145.0
4,9,0,0,15.0,29.571428571428573,21,0.45,0.9500000000000001,0.05,0.05,155.0
4,9,0,0,17.0,27.34090909090909,44,0.45,0.9500000000000001,0.05,0.05,175.0
4,9,1,0,9.0,32.75757575757576,33,0.45,0.9500000000000001,0.15000000000000002,0.05,95.0
4,9,1,0,10.0,33.945454545454545,55,0.45,0.9500000000000001,0.15000000000000002,0.05,105.0
4,9,1,0,11.0,32.75,28,0.45,0.9500000000000001,0.15000000000000002,0.05,115.0
4,9,1,0,12.0,30.0,37,0.45,0.9500000000000001,0.15000000000000002,0.05,125.0
4,9,1,0,13.0,33.113207547169814,53,0.45,0.9500000000000001,0.15000000000000002,0.05,135.0
4,9,1,0,14.0,32.18867924528302,53,0.45,0.9500000000000001,0.15000000000000002,0.05,145.0
4,9,1,0,15.0,25.13157894736842,38,0.45,0.9500000000000001,0.15000000000000002,0.05,155.0
4,9,1,0,16.0,25.90909090909091,22,0.45,0.9500000000000001,0.15000000000000002,0.05,165.0
4,9,1,0,17.0,30.29032258064516,62,0.45,0.9500000000000001,0.15000000000000002,0.05,175.0
4,9,2,0,9.0,34.36,50,0.45,0.9500000000000001,0.25,0.05,95.0
4,9,2,0,10.0,34.56521739130435,46,0.45,0.9500000000000001,0.25,0.05,105.0
4,9,2,0,11.0,32.24242424242424,33,0.45,0.9500000000000001,0.25,0.05,115.0
4,9,2,0,12.0,30.576923076923077,52,0.45,0.9500000000000001,0.25,0.05,125.0
4,9,2,0,13.0,39.86,50,0.45,0.9500000000000001,0.25,0.05,135.0
4,9,2,0,14.0,32.21212121212121,66,0.45,0.9500000000000001,0.25,0.05,145.0
4,9,2,0,15.0,26.12727272727273,55,0.45,0.9500000000000001,0.25,0.05,155.0
4,9,2,0,16.0,28.451612903225808,31,0.45,0.9500000000000001,0.25,0.05,165.0
4,9,2,0,17.0,33.71153846153846,52,0.45,0.9500000000000001,0.25,0.05,175.0
4,9,3,0,9.0,36.57971014492754,69,0.45,0.9500000000000001,0.35000000000000003,0.05,95.0
4,9,3,0,10.0,30.58823529411765,51,0.45,0.9500000000000001,0.35000000000000003,0.05,105.0
4,9,3,0,11.0,27.166666666666668,24,0.45,0.9500000000000001,0.35000000000000003,0.05,115.0
4,9,3,0,12.0,32.484848484848484,33,0.45,0.9500000000000001,0.35000000000000003,0.05,125.0
4,9,3,0,13.0,34.79032258064516,62,0.45,0.9500000000000001,0.35000000000000003,0.05,135.0
4,9,3,0,14.0,32.65060240963855,83,0.45,0.9500000000000001,0.35000000000000003,0.05,145.0
4,9,3,0,15.0,35.0655737704918,61,0.45,0.9500000000000001,0.35000000000000003,0.05,155.0
4,9,3,0,16.0,35.39473684210526,38,0.45,0.9500000000000001,0.35000000000000003,0.05,165.0
4,9,3,0,17.0,32.12903225806452,62,0.45,0.9500000000000001,0.35000000000000003,0.05,175.0
4,9,4,0,9.0,36.53846153846154,65,0.45,0.9500000000000001,0.45,0.05,95.0
4,9,4,0,10.0,33.892857142857146,28,0.45,0.9500000000000001,0.45,0.05,105.0
4,9,4,0,11.0,34.80952380952381,21,0.45,0.9500000000000001,0.45,0.05,115.0
4,9,4,0,12.0,38.375,24,0.45,0.9500000000000001,0.45,0.05,125.0
4,9,4,0,13.0,27.34090909090909,44,0.45,0.9500000000000001,0.45,0.05,135.0
4,9,4,0,14.0,33.03703703703704,54,0.45,0.9500000000000001,0.45,0.05,145.0
4,9,4,0,15.0,39.166666666666664,36,0.45,0.9500000000000001,0.45,0.05,155.0
4,9,4,0,16.0,35.407407407407405,54,0.45,0.9500000000000001,0.45,0.05,165.0
4,9,4,0,17.0,32.86363636363637,66,0.45,0.9500000000000001,0.45,0.05,175.0
4,9,5,0,9.0,40.31372549019608,51,0.45,0.9500000000000001,0.55,0.05,95.0
4,9,5,0,10.0,30.75862068965517,29,0.45,0.9500000000000001,0.55,0.05,105.0
4,9,5,0,13.0,36.74193548387097,31,0.45,0.9500000000000001,0.55,0.05,135.0
4,9,5,0,14.0,30.319148936170212,47,0.45,0.9500000000000001,0.55,0.05,145.0
4,9,5,0,15.0,36.674418604651166,43,0.45,0.9500000000000001,0.55,0.05,155.0
4,9,5,0,16.0,35.9811320754717,53,0.45,0.9500000000000001,0.55,0.05,165.0
4,9,5,0,17.0,33.02,50,0.45,0.9500000000000001,0.55,0.05,175.0
4,9,6,0,9.0,31.0,28,0.45,0.9500000000000001,0.6500000000000001,0.05,95.0
4,9,6,0,13.0,33.535714285714285,28,0.45,0.9500000000000001,0.6500000000000001,0.05,135.0
4,9,6,0,15.0,37.648648648648646,37,0.45,0.9500000000000001,0.6500000000000001,0.05,155.0
4,9,6,0,16.0,36.41304347826087,46,0.45,0.9500000000000001,0.6500000000000001,0.05,165.0
4,9,6,0,17.0,31.419354838709676,31,0.45,0.9500000000000001,0.6500000000000001,0.05,175.0
4,9,7,0,15.0,33.23076923076923,26,0.45,0.9500000000000001,0.7500000000000001,0.05,155.0
4,9,7,0,17.0,33.2,25,0.45,0.9500000000000001,0.7500000000000001,0.05,175.0
4,9,8,0,17.0,26.45,20,0.45,0.9500000000000001,0.8500000000000001,0.05,175.0
5,2,6,7,7.0,0.0967741935483871,31,0.55,0.25,0.6500000000000001,0.7500000000000001,75.0
5,3,6,9,11.0,4.782608695652174,23,0.55,0.35000000000000003,0.6500000000000001,0.9500000000000001,115.0
5,5,3,1,7.0,1.84,25,0.55,0.55,0.35000000000000003,0.15000000000000002,75.0
5,5,3,4,7.0,8.423076923076923,26,0.55,0.55,0.35000000000000003,0.45,75.0
5,5,8,7,7.0,0.17647058823529413,34,0.55,0.55,0.8500000000000001,0.7500000000000001,75.0
5,6,2,0,9.0,15.727272727272727,22,0.55,0.6500000000000001,0.25,0.05,95.0
5,6,2,0,12.0,42.96774193548387,31,0.55,0.6500000000000001,0.25,0.05,125.0
5,6,3,0,12.0,38.23076923076923,26,0.55,0.6500000000000001,0.35000000000000003,0.05,125.0
5,6,7,0,8.0,13.380952380952381,21,0.55,0.6500000000000001,0.7500000000000001,0.05,85.0
5,7,0,0,12.0,33.63636363636363,22,0.55,0.7500000000000001,0.05,0.05,125.0
5,7,1,0,12.0,41.608695652173914,46,0.55,0.7500000000000001,0.15000000000000002,0.05,125.0
5,7,2,0,10.0,44.32258064516129,31,0.55,0.7500000000000001,0.25,0.05,105.0
5,7,2,0,12.0,42.18181818181818,44,0.55,0.7500000000000001,0.25,0.05,125.0
5,7,3,0,9.0,37.96666666666667,30,0.55,0.7500000000000001,0.35000000000000003,0.05,95.0
5,7,3,0,10.0,29.19047619047619,21,0.55,0.7500000000000001,0.35000000000000003,0.05,105.0
5,7,3,0,12.0,31.75,40,0.55,0.7500000000000001,0.35000000000000003,0.05,125.0
5,7,3,0,13.0,35.68181818181818,22,0.55,0.7500000000000001,0.35000000000000003,0.05,135.0
5,7,4,0,11.0,31.65,20,0.55,0.7500000000000001,0.45,0.05,115.0
5,7,4,0,12.0,34.125,40,0.55,0.7500000000000001,0.45,0.05,125.0
5,7,4,0,13.0,34.166666666666664,24,0.55,0.7500000000000001,0.45,0.05,135.0
5,7,4,0,14.0,31.40909090909091,22,0.55,0.7500000000000001,0.45,0.05,145.0
5,7,4,2,8.0,11.2,25,0.55,0.7500000000000001,0.45,0.25,85.0
5,7,5,0,12.0,41.833333333333336,24,0.55,0.7500000000000001,0.55,0.05,125.0
5,7,5,0,13.0,38.95238095238095,21,0.55,0.7500000000000001,0.55,0.05,135.0
5,7,5,0,14.0,19.484848484848484,33,0.55,0.7500000000000001,0.55,0.05,145.0
5,7,6,0,12.0,37.72727272727273,22,0.55,0.7500000000000001,0.6500000000000001,0.05,125.0
5,7,6,2,12.0,5.290322580645161,31,0.55,0.7500000000000001,0.6500000000000001,0.25,125.0
5,7,7,0,12.0,34.62068965517241,29,0.55,0.7500000000000001,0.7500000000000001,0.05,125.0
5,8,0,0,12.0,37.09090909090909,44,0.55,0.8500000000000001,0.05,0.05,125.0
5,8,1,0,12.0,37.45,40,0.55,0.8500000000000001,0.15000000000000002,0.05,125.0
5,8,1,0,15.0,27.05,20,0.55,0.8500000000000001,0.15000000000000002,0.05,155.0
5,8,1,0,17.0,27.666666666666668,24,0.55,0.8500000000000001,0.15000000000000002,0.05,175.0
5,8,2,0,11.0,40.0,28,0.55,0.8500000000000001,0.25,0.05,115.0
5,8,2,0,12.0,32.44117647058823,68,0.55,0.8500000000000001,0.25,0.05,125.0
5,8,2,0,13.0,36.55882352941177,34,0.55,0.8500000000000001,0.25,0.05,135.0
5,8,2,0,14.0,38.32432432432432,37,0.55,0.8500000000000001,0.25,0.05,145.0
5,8,2,0,17.0,33.04761904761905,21,0.55,0.8500000000000001,0.25,0.05,175.0
5,8,3,0,9.0,40.645161290322584,31,0.55,0.8500000000000001,0.35000000000000003,0.05,95.0
5,8,3,0,10.0,41.642857142857146,28,0.55,0.8500000000000001,0.35000000000000003,0.05,105.0
5,8,3,0,11.0,42.885714285714286,35,0.55,0.8500000000000001,0.35000000000000003,0.05,115.0
5,8,3,0,12.0,37.92,75,0.55,0.8500000000000001,0.35000000000000003,0.05,125.0
5,8,3,0,13.0,39.84848484848485,33,0.55,0.8500000000000001,0.35000000000000003,0.05,135.0
5,8,3,0,14.0,37.65217391304348,23,0.55,0.8500000000000001,0.35000000000000003,0.05,145.0
5,8,3,0,15.0,41.04761904761905,21,0.55,0.8500000000000001,0.35000000000000003,0.05,155.0
5,8,4,0,9.0,34.56818181818182,44,0.55,0.8500000000000001,0.45,0.05,95.0
5,8,4,0,10.0,41.7,30,0.55,0.8500000000000001,0.45,0.05,105.0
5,8,4,0,11.0,37.28,25,0.55,0.8500000000000001,0.45,0.05,115.0
5,8,4,0,12.0,27.80952380952381,63,0.55,0.8500000000000001,0.45,0.05,125.0
5,8,4,0,13.0,39.19444444444444,36,0.55,0.8500000000000001,0.45,0.05,135.0
5,8,4,0,14.0,41.93333333333333,30,0.55,0.8500000000000001,0.45,0.05,145.0
5,8,4,0,16.0,14.9,30,0.55,0.8500000000000001,0.45,0.05,165.0
5,8,5,0,9.0,41.73170731707317,41,0.55,0.8500000000000001,0.55,0.05,95.0
5,8,5,0,10.0,41.4,30,0.55,0.8500000000000001,0.55,0.05,105.0
5,8,5,0,11.0,34.30434782608695,23,0.55,0.8500000000000001,0.55,0.05,115.0
5,8,5,0,12.0,32.696969696969695,66,0.55,0.8500000000000001,0.55,0.05,125.0
5,8,5,0,13.0,37.97959183673469,49,0.55,0.8500000000000001,0.55,0.05,135.0
5,8,5,0,14.0,42.41935483870968,31,0.55,0.8500000000000001,0.55,0.05,145.0
5,8,5,0,15.0,30.65,20,0.55,0.8500000000000001,0.55,0.05,155.0
5,8,6,0,9.0,41.121212121212125,33,0.55,0.8500000000000001,0.6500000000000001,0.05,95.0
5,8,6,0,10.0,32.416666666666664,36,0.55,0.8500000000000001,0.6500000000000001,0.05,105.0
5,8,6,0,12.0,25.9375,64,0.55,0.8500000000000001,0.6500000000000001,0.05,125.0
5,8,6,0,13.0,34.888888888888886,36,0.55,0.8500000000000001,0.6500000000000001,0.05,135.0
5,8,6,0,14.0,34.642857142857146,28,0.55,0.8500000000000001,0.6500000000000001,0.05,145.0
5,8,6,0,15.0,39.77777777777778,27,0.55,0.8500000000000001,0.6500000000000001,0.05,155.0
5,8,7,0,9.0,34.73913043478261,23,0.55,0.8500000000000001,0.7500000000000001,0.05,95.0
5,8,7,0,11.0,41.285714285714285,21,0.55,0.8500000000000001,0.7500000000000001,0.05,115.0
5,8,7,0,12.0,29.93877551020408,49,0.55,0.8500000000000001,0.7500000000000001,0.05,125.0
5,8,7,0,13.0,36.375,32,0.55,0.8500000000000001,0.7500000000000001,0.05,135.0
5,8,7,0,14.0,41.5,36,0.55,0.8500000000000001,0.7500000000000001,0.05,145.0
5,8,7,0,16.0,38.76,25,0.55,0.8500000000000001,0.7500000000000001,0.05,165.0
5,9,0,0,12.0,38.24324324324324,37,0.55,0.9500000000000001,0.05,0.05,125.0
5,9,0,0,13.0,33.95348837209303,43,0.55,0.9500000000000001,0.05,0.05,135.0
5,9,0,0,14.0,31.7,30,0.55,0.9500000000000001,0.05,0.05,145.0
5,9,1,0,10.0,29.0625,32,0.55,0.9500000000000001,0.15000000000000002,0.05,105.0
5,9,1,0,11.0,17.954545454545453,22,0.55,0.9500000000000001,0.15000000000000002,0.05,115.0
5,9,1,0,12.0,35.75,68,0.55,0.9500000000000001,0.15000000000000002,0.05,125.0
5,9,1,0,13.0,34.70967741935484,31,0.55,0.9500000000000001,0.15000000000000002,0.05,135.0
5,9,1,0,14.0,29.65714285714286,35,0.55,0.9500000000000001,0.15000000000000002,0.05,145.0
5,9,1,0,15.0,26.487179487179485,39,0.55,0.9500000000000001,0.15000000000000002,0.05,155.0
5,9,1,0,17.0,20.525,40,0.55,0.9500000000000001,0.15000000000000002,0.05,175.0
5,9,2,0,9.0,31.681818181818183,22,0.55,0.9500000000000001,0.25,0.05,95.0
5,9,2,0,10.0,34.02173913043478,46,0.55,0.9500000000000001,0.25,0.05,105.0
5,9,2,0,11.0,32.93478260869565,46,0.55,0.9500000000000001,0.25,0.05,115.0
5,9,2,0,12.0,34.621212121212125,66,0.55,0.9500000000000001,0.25,0.05,125.0
5,9,2,0,13.0,32.183673469387756,49,0.55,0.9500000000000001,0.25,0.05,135.0
5,9,2,0,14.0,29.025641025641026,39,0.55,0.9500000000000001,0.25,0.05,145.0
5,9,2,0,15.0,30.393939393939394,33,0.55,0.9500000000000001,0.25,0.05,155.0
5,9,2,0,17.0,23.483870967741936,31,0.55,0.9500000000000001,0.25,0.05,175.0
5,9,3,0,9.0,34.794871794871796,39,0.55,0.9500000000000001,0.35000000000000003,0.05,95.0
5,9,3,0,10.0,35.310344827586206,58,0.55,0.9500000000000001,0.35000000000000003,0.05,105.0
5,9,3,0,11.0,28.15625,32,0.55,0.9500000000000001,0.35000000000000003,0.05,115.0
5,9,3,0,12.0,36.0,83,0.55,0.9500000000000001,0.35000000000000003,0.05,125.0
5,9,3,0,13.0,32.57142857142857,56,0.55,0.9500000000000001,0.35000000000000003,0.05,135.0
5,9,3,0,14.0,33.107142857142854,56,0.55,0.9500000000000001,0.35000000000000003,0.05,145.0
5,9,3,0,15.0,28.170212765957448,47,0.55,0.9500000000000001,0.35000000000000003,0.05,155.0
5,9,3,0,17.0,25.69047619047619,42,0.55,0.9500000000000001,0.35000000000000003,0.05,175.0
5,9,4,0,9.0,41.375,40,0.55,0.9500000000000001,0.45,0.05,95.0
5,9,4,0,10.0,31.87272727272727,55,0.55,0.9500000000000001,0.45,0.05,105.0
5,9,4,0,11.0,33.977777777777774,45,0.55,0.9500000000000001,0.45,0.05,115.0
5,9,4,0,12.0,34.05555555555556,72,0.55,0.9500000000000001,0.45,0.05,125.0
5,9,4,0,13.0,27.96923076923077,65,0.55,0.9500000000000001,0.45,0.05,135.0
5,9,4,0,14.0,36.926829268292686,41,0.55,0.9500000000000001,0.45,0.05,145.0
5,9,4,0,15.0,31.022727272727273,44,0.55,0.9500000000000001,0.45,0.05,155.0
5,9,4,0,17.0,27.4375,32,0.55,0.9500000000000001,0.45,0.05,175.0
5,9,5,0,9.0,38.40983606557377,61,0.55,0.9500000000000001,0.55,0.05,95.0
5,9,5,0,10.0,32.57575757575758,66,0.55,0.9500000000000001,0.55,0.05,105.0
5,9,5,0,11.0,47.5,20,0.55,0.9500000000000001,0.55,0.05,115.0
5,9,5,0,12.0,31.83582089552239,67,0.55,0.9500000000000001,0.55,0.05,125.0
5,9,5,0,13.0,31.88135593220339,59,0.55,0.9500000000000001,0.55,0.05,135.0
5,9,5,0,14.0,31.120689655172413,58,0.55,0.9500000000000001,0.55,0.05,145.0
5,9,5,0,15.0,30.70967741935484,31,0.55,0.9500000000000001,0.55,0.05,155.0
5,9,5,0,16.0,36.5,28,0.55,0.9500000000000001,0.55,0.05,165.0
5,9,5,0,17.0,36.74193548387097,31,0.55,0.9500000000000001,0.55,0.05,175.0
5,9,6,0,9.0,43.806451612903224,31,0.55,0.9500000000000001,0.6500000000000001,0.05,95.0
5,9,6,0,10.0,38.774193548387096,31,0.55,0.9500000000000001,0.6500000000000001,0.05,105.0
5,9,6,0,11.0,35.90909090909091,33,0.55,0.9500000000000001,0.6500000000000001,0.05,115.0
5,9,6,0,12.0,34.34,50,0.55,0.9500000000000001,0.6500000000000001,0.05,125.0
5,9,6,0,13.0,28.650793650793652,63,0.55,0.9500000000000001,0.6500000000000001,0.05,135.0
5,9,6,0,14.0,30.583333333333332,48,0.55,0.9500000000000001,0.6500000000000001,0.05,145.0
5,9,6,0,15.0,34.75,32,0.55,0.9500000000000001,0.6500000000000001,0.05,155.0
5,9,6,0,16.0,30.875,24,0.55,0.9500000000000001,0.6500000000000001,0.05,165.0
5,9,6,0,17.0,27.727272727272727,22,0.55,0.9500000000000001,0.6500000000000001,0.05,175.0
5,9,7,0,9.0,37.166666666666664,30,0.55,0.9500000000000001,0.7500000000000001,0.05,95.0
5,9,7,0,10.0,36.72727272727273,22,0.55,0.9500000000000001,0.7500000000000001,0.05,105.0
5,9,7,0,11.0,30.7,20,0.55,0.9500000000000001,0.7500000000000001,0.05,115.0
5,9,7,0,12.0,23.58139534883721,43,0.55,0.9500000000000001,0.7500000000000001,0.05,125.0
5,9,7,0,13.0,28.942857142857143,35,0.55,0.9500000000000001,0.7500000000000001,0.05,135.0
5,9,7,0,14.0,33.371428571428574,35,0.55,0.9500000000000001,0.7500000000000001,0.05,145.0
5,9,7,0,15.0,32.04347826086956,23,0.55,0.9500000000000001,0.7500000000000001,0.05,155.0
5,9,7,0,16.0,34.04545454545455,22,0.55,0.9500000000000001,0.7500000000000001,0.05,165.0
5,9,7,0,17.0,23.060606060606062,33,0.55,0.9500000000000001,0.7500000000000001,0.05,175.0
5,9,8,0,12.0,28.904761904761905,21,0.55,0.9500000000000001,0.8500000000000001,0.05,125.0
5,9,8,0,13.0,33.37931034482759,29,0.55,0.9500000000000001,0.8500000000000001,0.05,135.0
5,9,8,0,14.0,31.625,24,0.55,0.9500000000000001,0.8500000000000001,0.05,145.0
5,9,8,0,15.0,35.86363636363637,22,0.55,0.9500000000000001,0.8500000000000001,0.05,155.0
5,9,8,0,17.0,25.0,27,0.55,0.9500000000000001,0.8500000000000001,0.05,175.0
6,4,3,7,11.0,20.65,20,0.6500000000000001,0.45,0.35000000000000003,0.7500000000000001,115.0
6,5,4,0,12.0,27.4,25,0.6500000000000001,0.55,0.45,0.05,125.0
6,5,8,7,7.0,4.173913043478261,46,0.6500000000000001,0.55,0.8500000000000001,0.7500000000000001,75.0
6,5,9,1,13.0,0.16666666666666666,42,0.6500000000000001,0.55,0.9500000000000001,0.15000000000000002,135.0
6,6,1,0,12.0,31.142857142857142,28,0.6500000000000001,0.6500000000000001,0.15000000000000002,0.05,125.0
6,6,2,0,12.0,38.3,30,0.6500000000000001,0.6500000000000001,0.25,0.05,125.0
6,6,3,0,9.0,42.77272727272727,22,0.6500000000000001,0.6500000000000001,0.35000000000000003,0.05,95.0
6,6,3,0,12.0,34.916666666666664,48,0.6500000000000001,0.6500000000000001,0.35000000000000003,0.05,125.0
6,6,4,0,12.0,37.63636363636363,44,0.6500000000000001,0.6500000000000001,0.45,0.05,125.0
6,6,5,0,12.0,32.03846153846154,26,0.6500000000000001,0.6500000000000001,0.55,0.05,125.0
6,6,6,0,10.0,28.85,20,0.6500000000000001,0.6500000000000001,0.6500000000000001,0.05,105.0
6,6,8,4,16.0,0.8064516129032258,31,0.6500000000000001,0.6500000000000001,0.8500000000000001,0.45,165.0
6,7,0,0,12.0,39.733333333333334,30,0.6500000000000001,0.7500000000000001,0.05,0.05,125.0
6,7,1,0,12.0,40.93478260869565,46,0.6500000000000001,0.7500000000000001,0.15000000000000002,0.05,125.0
6,7,2,0,11.0,30.666666666666668,21,0.6500000000000001,0.7500000000000001,0.25,0.05,115.0
6,7,2,0,12.0,30.87037037037037,54,0.6500000000000001,0.7500000000000001,0.25,0.05,125.0
6,7,3,0,9.0,43.42857142857143,21,0.6500000000000001,0.7500000000000001,0.35000000000000003,0.05,95.0
6,7,3,0,11.0,38.833333333333336,30,0.6500000000000001,0.7500000000000001,0.35000000000000003,0.05,115.0
6,7,3,0,12.0,39.953125,64,0.6500000000000001,0.7500000000000001,0.35000000000000003,0.05,125.0
6,7,3,1,12.0,35.42857142857143,21,0.6500000000000001,0.7500000000000001,0.35000000000000003,0.15000000000000002,125.0
6,7,4,0,10.0,46.6,25,0.6500000000000001,0.7500000000000001,0.45,0.05,105.0
6,7,4,0,12.0,27.795454545454547,88,0.6500000000000001,0.7500000000000001,0.45,0.05,125.0
6,7,5,0,9.0,45.73076923076923,26,0.6500000000000001,0.7500000000000001,0.55,0.05,95.0
6,7,5,0,10.0,27.583333333333332,24,0.6500000000000001,0.7500000000000001,0.55,0.05,105.0
6,7,5,0,11.0,48.72,25,0.6500000000000001,0.7500000000000001,0.55,0.05,115.0
6,7,5,0,12.0,40.875,64,0.6500000000000001,0.7500000000000001,0.55,0.05,125.0
6,7,5,1,9.0,21.666666666666668,21,0.6500000000000001,0.7500000000000001,0.55,0.15000000000000002,95.0
6,7,5,1,12.0,32.69565217391305,23,0.6500000000000001,0.7500000000000001,0.55,0.15000000000000002,125.0
6,7,6,0,9.0,37.36363636363637,22,0.6500000000000001,0.7500000000000001,0.6500000000000001,0.05,95.0
6,7,6,0,10.0,30.363636363636363,22,0.6500000000000001,0.7500000000000001,0.6500000000000001,0.05,105.0
6,7,6,0,11.0,31.258064516129032,31,0.6500000000000001,0.7500000000000001,0.6500000000000001,0.05,115.0
6,7,6,0,12.0,34.05882352941177,68,0.6500000000000001,0.7500000000000001,0.6500000000000001,0.05,125.0
6,7,6,0,13.0,34.0,31,0.6500000000000001,0.7500000000000001,0.6500000000000001,0.05,135.0
6,7,6,1,10.0,21.967741935483872,31,0.6500000000000001,0.7500000000000001,0.6500000000000001,0.15000000000000002,105.0
6,7,7,0,11.0,40.03703703703704,27,0.6500000000000001,0.7500000000000001,0.7500000000000001,0.05,115.0
6,7,7,0,12.0,20.76388888888889,72,0.6500000000000001,0.7500000000000001,0.7500000000000001,0.05,125.0
6,7,7,0,13.0,34.40909090909091,22,0.6500000000000001,0.7500000000000001,0.7500000000000001,0.05,135.0
6,7,8,0,10.0,40.68,25,0.6500000000000001,0.7500000000000001,0.8500000000000001,0.05,105.0
6,7,8,0,12.0,32.91304347826087,23,0.6500000000000001,0.7500000000000001,0.8500000000000001,0.05,125.0
6,7,8,0,13.0,24.258064516129032,31,0.6500000000000001,0.7500000000000001,0.8500000000000001,0.05,135.0
6,7,9,0,12.0,30.08695652173913,23,0.6500000000000001,0.7500000000000001,0.9500000000000001,0.05,125.0
6,7,9,4,14.0,1.6428571428571428,28,0.6500000000000001,0.7500000000000001,0.9500000000000001,0.45,145.0
6,8,0,0,12.0,39.95454545454545,44,0.6500000000000001,0.8500000000000001,0.05,0.05,125.0
6,8,1,0,12.0,36.714285714285715,49,0.6500000000000001,0.8500000000000001,0.15000000000000002,0.05,125.0
6,8,1,0,13.0,35.05,20,0.6500000000000001,0.8500000000000001,0.15000000000000002,0.05,135.0
6,8,2,0,12.0,33.18333333333333,60,0.6500000000000001,0.8500000000000001,0.25,0.05,125.0
6,8,2,0,13.0,33.68,25,0.6500000000000001,0.8500000000000001,0.25,0.05,135.0
6,8,3,0,10.0,37.523809523809526,21,0.6500000000000001,0.8500000000000001,0.35000000000000003,0.05,105.0
6,8,3,0,11.0,28.041666666666668,24,0.6500000000000001,0.8500000000000001,0.35000000000000003,0.05,115.0
6,8,3,0,12.0,43.37662337662338,77,0.6500000000000001,0.8500000000000001,0.35000000000000003,0.05,125.0
6,8,3,0,13.0,36.08,25,0.6500000000000001,0.8500000000000001,0.35000000000000003,0.05,135.0
6,8,4,0,9.0,39.5,26,0.6500000000000001,0.8500000000000001,0.45,0.05,95.0
6,8,4,0,10.0,43.806451612903224,31,0.6500000000000001,0.8500000000000001,0.45,0.05,105.0
6,8,4,0,12.0,39.10227272727273,88,0.6500000000000001,0.8500000000000001,0.45,0.05,125.0
6,8,4,0,13.0,35.64,25,0.6500000000000001,0.8500000000000001,0.45,0.05,135.0
6,8,5,0,9.0,35.52173913043478,23,0.6500000000000001,0.8500000000000001,0.55,0.05,95.0
6,8,5,0,10.0,35.142857142857146,21,0.6500000000000001,0.8500000000000001,0.55,0.05,105.0
6,8,5,0,11.0,36.04347826086956,23,0.6500000000000001,0.8500000000000001,0.55,0.05,115.0
6,8,5,0,12.0,36.885714285714286,70,0.6500000000000001,0.8500000000000001,0.55,0.05,125.0
6,8,5,0,13.0,27.25925925925926,27,0.6500000000000001,0.8500000000000001,0.55,0.05,135.0
6,8,6,0,9.0,40.92857142857143,28,0.6500000000000001,0.8500000000000001,0.6500000000000001,0.05,95.0
6,8,6,0,10.0,28.571428571428573,28,0.6500000000000001,0.8500000000000001,0.6500000000000001,0.05,105.0
6,8,6,0,11.0,28.466666666666665,45,0.6500000000000001,0.8500000000000001,0.6500000000000001,0.05,115.0
6,8,6,0,12.0,30.149122807017545,114,0.6500000000000001,0.8500000000000001,0.6500000000000001,0.05,125.0
6,8,6,0,13.0,32.70967741935484,31,0.6500000000000001,0.8500000000000001,0.6500000000000001,0.05,135.0
6,8,6,0,14.0,26.65,20,0.6500000000000001,0.8500000000000001,0.6500000000000001,0.05,145.0
6,8,7,0,9.0,30.6,20,0.6500000000000001,0.8500000000000001,0.7500000000000001,0.05,95.0
6,8,7,0,10.0,45.08,25,0.6500000000000001,0.8500000000000001,0.7500000000000001,0.05,105.0
6,8,7,0,11.0,31.057142857142857,35,0.6500000000000001,0.8500000000000001,0.7500000000000001,0.05,115.0
6,8,7,0,12.0,26.797752808988765,89,0.6500000000000001,0.8500000000000001,0.7500000000000001,0.05,125.0
6,8,7,0,13.0,31.5531914893617,47,0.6500000000000001,0.8500000000000001,0.7500000000000001,0.05,135.0
6,8,7,0,14.0,34.0,20,0.6500000000000001,0.8500000000000001,0.7500000000000001,0.05,145.0
6,8,7,1,9.0,31.35,20,0.6500000000000001,0.8500000000000001,0.7500000000000001,0.15000000000000002,95.0
6,8,7,1,12.0,17.954545454545453,22,0.6500000000000001,0.8500000000000001,0.7500000000000001,0.15000000000000002,125.0
6,8,8,0,10.0,37.65714285714286,35,0.6500000000000001,0.8500000000000001,0.8500000000000001,0.05,105.0
6,8,8,0,11.0,34.972972972972975,37,0.6500000000000001,0.8500000000000001,0.8500000000000001,0.05,115.0
6,8,8,0,12.0,30.285714285714285,42,0.6500000000000001,0.8500000000000001,0.8500000000000001,0.05,125.0
6,8,8,0,13.0,29.12121212121212,66,0.6500000000000001,0.8500000000000001,0.8500000000000001,0.05,135.0
6,8,8,1,10.0,9.652173913043478,23,0.6500000000000001,0.8500000000000001,0.8500000000000001,0.15000000000000002,105.0
6,8,9,0,11.0,39.65217391304348,23,0.6500000000000001,0.8500000000000001,0.9500000000000001,0.05,115.0
6,8,9,0,12.0,27.733333333333334,30,0.6500000000000001,0.8500000000000001,0.9500000000000001,0.05,125.0
6,8,9,0,13.0,34.08695652173913,23,0.6500000000000001,0.8500000000000001,0.9500000000000001,0.05,135.0
6,8,9,0,14.0,24.678571428571427,28,0.6500000000000001,0.8500000000000001,0.9500000000000001,0.05,145.0
6,8,9,8,15.0,0.05263157894736842,38,0.6500000000000001,0.8500000000000001,0.9500000000000001,0.8500000000000001,155.0
6,9,0,0,12.0,37.82857142857143,35,0.6500000000000001,0.9500000000000001,0.05,0.05,125.0
6,9,1,0,12.0,36.84444444444444,45,0.6500000000000001,0.9500000000000001,0.15000000000000002,0.05,125.0
6,9,1,0,13.0,35.333333333333336,24,0.6500000000000001,0.9500000000000001,0.15000000000000002,0.05,135.0
6,9,1,0,14.0,30.192307692307693,26,0.6500000000000001,0.9500000000000001,0.15000000000000002,0.05,145.0
6,9,2,0,12.0,36.729729729729726,37,0.6500000000000001,0.9500000000000001,0.25,0.05,125.0
6,9,2,0,14.0,33.44444444444444,27,0.6500000000000001,0.9500000000000001,0.25,0.05,145.0
6,9,3,0,12.0,32.11764705882353,51,0.6500000000000001,0.9500000000000001,0.35000000000000003,0.05,125.0
6,9,3,0,13.0,28.70967741935484,31,0.6500000000000001,0.9500000000000001,0.35000000000000003,0.05,135.0
6,9,3,0,14.0,34.114285714285714,35,0.6500000000000001,0.9500000000000001,0.35000000000000003,0.05,145.0
6,9,4,0,12.0,36.14,50,0.6500000000000001,0.9500000000000001,0.45,0.05,125.0
6,9,4,0,13.0,26.146341463414632,41,0.6500000000000001,0.9500000000000001,0.45,0.05,135.0
6,9,4,0,14.0,37.607142857142854,28,0.6500000000000001,0.9500000000000001,0.45,0.05,145.0
6,9,5,0,10.0,30.724137931034484,29,0.6500000000000001,0.9500000000000001,0.55,0.05,105.0
6,9,5,0,11.0,32.916666666666664,24,0.6500000000000001,0.9500000000000001,0.55,0.05,115.0
6,9,5,0,12.0,35.53488372093023,43,0.6500000000000001,0.9500000000000001,0.55,0.05,125.0
6,9,5,0,13.0,27.85185185185185,54,0.6500000000000001,0.9500000000000001,0.55,0.05,135.0
6,9,6,0,12.0,31.727272727272727,66,0.6500000000000001,0.9500000000000001,0.6500000000000001,0.05,125.0
6,9,6,0,13.0,24.927272727272726,55,0.6500000000000001,0.9500000000000001,0.6500000000000001,0.05,135.0
6,9,6,0,14.0,29.869565217391305,23,0.6500000000000001,0.9500000000000001,0.6500000000000001,0.05,145.0
6,9,7,0,10.0,33.81818181818182,33,0.6500000000000001,0.9500000000000001,0.7500000000000001,0.05,105.0
6,9,7,0,12.0,29.861538461538462,65,0.6500000000000001,0.9500000000000001,0.7500000000000001,0.05,125.0
6,9,7,0,13.0,26.185185185185187,54,0.6500000000000001,0.9500000000000001,0.7500000000000001,0.05,135.0
6,9,7,0,14.0,23.275,40,0.6500000000000001,0.9500000000000001,0.7500000000000001,0.05,145.0
6,9,8,0,12.0,27.02,50,0.6500000000000001,0.9500000000000001,0.8500000000000001,0.05,125.0
6,9,8,0,13.0,26.58,50,0.6500000000000001,0.9500000000000001,0.8500000000000001,0.05,135.0
6,9,8,0,14.0,34.608695652173914,23,0.6500000000000001,0.9500000000000001,0.8500000000000001,0.05,145.0
6,9,8,0,15.0,27.045454545454547,22,0.6500000000000001,0.9500000000000001,0.8500000000000001,0.05,155.0
6,9,9,0,9.0,16.2,20,0.6500000000000001,0.9500000000000001,0.9500000000000001,0.05,95.0
6,9,9,0,12.0,27.511627906976745,43,0.6500000000000001,0.9500000000000001,0.9500000000000001,0.05,125.0
6,9,9,0,13.0,27.736842105263158,38,0.6500000000000001,0.9500000000000001,0.9500000000000001,0.05,135.0
7,5,0,0,12.0,40.23809523809524,21,0.7500000000000001,0.55,0.05,0.05,125.0
7,5,1,0,12.0,36.43478260869565,23,0.7500000000000001,0.55,0.15000000000000002,0.05,125.0
7,5,5,1,8.0,10.28125,32,0.7500000000000001,0.55,0.55,0.15000000000000002,85.0
7,5,7,0,12.0,12.464285714285714,28,0.7500000000000001,0.55,0.7500000000000001,0.05,125.0
7,6,0,0,12.0,37.31707317073171,41,0.7500000000000001,0.6500000000000001,0.05,0.05,125.0
7,6,1,0,12.0,29.675675675675677,37,0.7500000000000001,0.6500000000000001,0.15000000000000002,0.05,125.0
7,6,2,0,12.0,27.82758620689655,58,0.7500000000000001,0.6500000000000001,0.25,0.05,125.0
7,6,3,0,9.0,21.869565217391305,23,0.7500000000000001,0.6500000000000001,0.35000000000000003,0.05,95.0
7,6,3,0,12.0,30.40625,32,0.7500000000000001,0.6500000000000001,0.35000000000000003,0.05,125.0
7,6,4,0,11.0,43.81818181818182,22,0.7500000000000001,0.6500000000000001,0.45,0.05,115.0
7,6,4,0,12.0,39.72222222222222,36,0.7500000000000001,0.6500000000000001,0.45,0.05,125.0
7,6,5,0,9.0,35.31428571428572,35,0.7500000000000001,0.6500000000000001,0.55,0.05,95.0
7,6,5,0,10.0,43.75,20,0.7500000000000001,0.6500000000000001,0.55,0.05,105.0
7,6,5,0,12.0,31.289473684210527,38,0.7500000000000001,0.6500000000000001,0.55,0.05,125.0
7,6,5,1,13.0,1.7272727272727273,33,0.7500000000000001,0.6500000000000001,0.55,0.15000000000000002,135.0
7,6,6,0,9.0,41.91304347826087,23,0.7500000000000001,0.6500000000000001,0.6500000000000001,0.05,95.0
7,6,6,0,11.0,34.785714285714285,28,0.7500000000000001,0.6500000000000001,0.6500000000000001,0.05,115.0
7,6,6,0,12.0,30.236842105263158,38,0.7500000000000001,0.6500000000000001,0.6500000000000001,0.05,125.0
7,6,7,0,9.0,30.285714285714285,21,0.7500000000000001,0.6500000000000001,0.7500000000000001,0.05,95.0
7,6,7,0,12.0,34.40909090909091,22,0.7500000000000001,0.6500000000000001,0.7500000000000001,0.05,125.0
7,6,7,0,13.0,31.61904761904762,21,0.7500000000000001,0.6500000000000001,0.7500000000000001,0.05,135.0
7,6,8,0,12.0,28.703703703703702,27,0.7500000000000001,0.6500000000000001,0.8500000000000001,0.05,125.0
7,7,1,0,12.0,36.107142857142854,28,0.7500000000000001,0.7500000000000001,0.15000000000000002,0.05,125.0
7,7,2,0,12.0,29.790697674418606,43,0.7500000000000001,0.7500000000000001,0.25,0.05,125.0
7,7,3,0,12.0,32.53703703703704,54,0.7500000000000001,0.7500000000000001,0.35000000000000003,0.05,125.0
7,7,4,0,11.0,18.75,40,0.7500000000000001,0.7500000000000001,0.45,0.05,115.0
7,7,4,0,12.0,32.4375,48,0.7500000000000001,0.7500000000000001,0.45,0.05,125.0
7,7,5,0,9.0,34.57692307692308,26,0.7500000000000001,0.7500000000000001,0.55,0.05,95.0
7,7,5,0,11.0,41.833333333333336,24,0.7500000000000001,0.7500000000000001,0.55,0.05,115.0
7,7,5,0,12.0,25.202898550724637,69,0.7500000000000001,0.7500000000000001,0.55,0.05,125.0
7,7,6,0,9.0,37.142857142857146,28,0.7500000000000001,0.7500000000000001,0.6500000000000001,0.05,95.0
7,7,6,0,10.0,42.464285714285715,28,0.7500000000000001,0.7500000000000001,0.6500000000000001,0.05,105.0
7,7,6,0,11.0,46.92,25,0.7500000000000001,0.7500000000000001,0.6500000000000001,0.05,115.0
7,7,6,0,12.0,34.38028169014085,71,0.7500000000000001,0.7500000000000001,0.6500000000000001,0.05,125.0
7,7,6,0,13.0,22.434782608695652,23,0.7500000000000001,0.7500000000000001,0.6500000000000001,0.05,135.0
7,7,7,0,10.0,42.46153846153846,26,0.7500000000000001,0.7500000000000001,0.7500000000000001,0.05,105.0
7,7,7,0,11.0,32.064516129032256,31,0.7500000000000001,0.7500000000000001,0.7500000000000001,0.05,115.0
7,7,7,0,12.0,31.74468085106383,47,0.7500000000000001,0.7500000000000001,0.7500000000000001,0.05,125.0
7,7,7,1,9.0,35.08,25,0.7500000000000001,0.7500000000000001,0.7500000000000001,0.15000000000000002,95.0
7,7,8,0,10.0,17.866666666666667,30,0.7500000000000001,0.7500000000000001,0.8500000000000001,0.05,105.0
7,7,8,0,11.0,37.24,25,0.7500000000000001,0.7500000000000001,0.8500000000000001,0.05,115.0
7,7,8,0,12.0,24.833333333333332,42,0.7500000000000001,0.7500000000000001,0.8500000000000001,0.05,125.0
7,7,8,0,13.0,26.35,20,0.7500000000000001,0.7500000000000001,0.8500000000000001,0.05,135.0
7,7,9,0,12.0,26.346153846153847,26,0.7500000000000001,0.7500000000000001,0.9500000000000001,0.05,125.0
7,7,9,0,15.0,16.7,20,0.7500000000000001,0.7500000000000001,0.9500000000000001,0.05,155.0
7,7,9,1,12.0,29.2,20,0.7500000000000001,0.7500000000000001,0.9500000000000001,0.15000000000000002,125.0
7,8,0,0,12.0,35.791666666666664,24,0.7500000000000001,0.8500000000000001,0.05,0.05,125.0
7,8,1,0,12.0,34.61904761904762,42,0.7500000000000001,0.8500000000000001,0.15000000000000002,0.05,125.0
7,8,2,0,12.0,29.735849056603772,53,0.7500000000000001,0.8500000000000001,0.25,0.05,125.0
7,8,3,0,12.0,36.04615384615385,65,0.7500000000000001,0.8500000000000001,0.35000000000000003,0.05,125.0
7,8,4,0,10.0,38.166666666666664,30,0.7500000000000001,0.8500000000000001,0.45,0.05,105.0
7,8,4,0,12.0,30.875,48,0.7500000000000001,0.8500000000000001,0.45,0.05,125.0
7,8,5,0,9.0,26.045454545454547,22,0.7500000000000001,0.8500000000000001,0.55,0.05,95.0
7,8,5,0,12.0,30.457831325301203,83,0.7500000000000001,0.8500000000000001,0.55,0.05,125.0
7,8,5,1,10.0,18.0,31,0.7500000000000001,0.8500000000000001,0.55,0.15000000000000002,105.0
7,8,6,0,9.0,35.05263157894737,38,0.7500000000000001,0.8500000000000001,0.6500000000000001,0.05,95.0
7,8,6,0,10.0,35.30769230769231,26,0.7500000000000001,0.8500000000000001,0.6500000000000001,0.05,105.0
7,8,6,0,12.0,28.533333333333335,75,0.7500000000000001,0.8500000000000001,0.6500000000000001,0.05,125.0
7,8,7,0,9.0,40.476190476190474,21,0.7500000000000001,0.8500000000000001,0.7500000000000001,0.05,95.0
7,8,7,0,10.0,31.512820512820515,39,0.7500000000000001,0.8500000000000001,0.7500000000000001,0.05,105.0
7,8,7,0,11.0,39.95454545454545,22,0.7500000000000001,0.8500000000000001,0.7500000000000001,0.05,115.0
7,8,7,0,12.0,24.612903225806452,93,0.7500000000000001,0.8500000000000001,0.7500000000000001,0.05,125.0
7,8,7,0,13.0,22.51851851851852,27,0.7500000000000001,0.8500000000000001,0.7500000000000001,0.05,135.0
7,8,7,1,9.0,24.708333333333332,24,0.7500000000000001,0.8500000000000001,0.7500000000000001,0.15000000000000002,95.0
7,8,7,1,12.0,25.88888888888889,27,0.7500000000000001,0.8500000000000001,0.7500000000000001,0.15000000000000002,125.0
7,8,8,0,10.0,35.04,25,0.7500000000000001,0.8500000000000001,0.8500000000000001,0.05,105.0
7,8,8,0,11.0,33.1764705882353,34,0.7500000000000001,0.8500000000000001,0.8500000000000001,0.05,115.0
7,8,8,0,12.0,32.85245901639344,61,0.7500000000000001,0.8500000000000001,0.8500000000000001,0.05,125.0
7,8,8,0,13.0,33.02777777777778,36,0.7500000000000001,0.8500000000000001,0.8500000000000001,0.05,135.0
7,8,8,1,9.0,32.083333333333336,24,0.7500000000000001,0.8500000000000001,0.8500000000000001,0.15000000000000002,95.0
7,8,9,0,12.0,36.97826086956522,46,0.7500000000000001,0.8500000000000001,0.9500000000000001,0.05,125.0
7,8,9,1,12.0,28.416666666666668,24,0.7500000000000001,0.8500000000000001,0.9500000000000001,0.15000000000000002,125.0
7,9,0,0,12.0,37.68181818181818,22,0.7500000000000001,0.9500000000000001,0.05,0.05,125.0
7,9,1,0,12.0,26.625,24,0.7500000000000001,0.9500000000000001,0.15000000000000002,0.05,125.0
7,9,1,0,13.0,26.23076923076923,26,0.7500000000000001,0.9500000000000001,0.15000000000000002,0.05,135.0
7,9,2,0,12.0,20.545454545454547,22,0.7500000000000001,0.9500000000000001,0.25,0.05,125.0
7,9,3,0,12.0,28.333333333333332,33,0.7500000000000001,0.9500000000000001,0.35000000000000003,0.05,125.0
7,9,4,0,12.0,21.9375,32,0.7500000000000001,0.9500000000000001,0.45,0.05,125.0
7,9,5,0,12.0,24.675,40,0.7500000000000001,0.9500000000000001,0.55,0.05,125.0
7,9,5,0,13.0,28.571428571428573,21,0.7500000000000001,0.9500000000000001,0.55,0.05,135.0
7,9,6,0,12.0,34.07272727272727,55,0.7500000000000001,0.9500000000000001,0.6500000000000001,0.05,125.0
7,9,7,0,11.0,19.666666666666668,21,0.7500000000000001,0.9500000000000001,0.7500000000000001,0.05,115.0
7,9,7,0,12.0,22.30952380952381,42,0.7500000000000001,0.9500000000000001,0.7500000000000001,0.05,125.0
7,9,7,0,13.0,25.181818181818183,33,0.7500000000000001,0.9500000000000001,0.7500000000000001,0.05,135.0
7,9,8,0,12.0,22.649122807017545,57,0.7500000000000001,0.9500000000000001,0.8500000000000001,0.05,125.0
7,9,8,0,13.0,23.789473684210527,38,0.7500000000000001,0.9500000000000001,0.8500000000000001,0.05,135.0
7,9,9,0,12.0,22.97872340425532,47,0.7500000000000001,0.9500000000000001,0.9500000000000001,0.05,125.0
7,9,9,0,13.0,18.866666666666667,30,0.7500000000000001,0.9500000000000001,0.9500000000000001,0.05,135.0
8,5,2,0,12.0,35.61904761904762,21,0.8500000000000001,0.55,0.25,0.05,125.0
8,5,5,0,9.0,28.238095238095237,21,0.8500000000000001,0.55,0.55,0.05,95.0
8,5,6,0,12.0,22.318181818181817,22,0.8500000000000001,0.55,0.6500000000000001,0.05,125.0
8,5,7,0,12.0,26.05,20,0.8500000000000001,0.55,0.7500000000000001,0.05,125.0
8,6,3,0,9.0,16.17391304347826,23,0.8500000000000001,0.6500000000000001,0.35000000000000003,0.05,95.0
8,6,3,0,12.0,28.666666666666668,30,0.8500000000000001,0.6500000000000001,0.35000000000000003,0.05,125.0
8,6,4,0,12.0,31.423076923076923,26,0.8500000000000001,0.6500000000000001,0.45,0.05,125.0
8,6,5,0,12.0,24.785714285714285,28,0.8500000000000001,0.6500000000000001,0.55,0.05,125.0
8,6,6,0,9.0,33.2,20,0.8500000000000001,0.6500000000000001,0.6500000000000001,0.05,95.0
8,6,6,0,11.0,30.25,20,0.8500000000000001,0.6500000000000001,0.6500000000000001,0.05,115.0
8,6,6,0,12.0,18.229166666666668,48,0.8500000000000001,0.6500000000000001,0.6500000000000001,0.05,125.0
8,6,7,0,12.0,21.037037037037038,27,0.8500000000000001,0.6500000000000001,0.7500000000000001,0.05,125.0
8,7,3,0,12.0,15.19047619047619,21,0.8500000000000001,0.7500000000000001,0.35000000000000003,0.05,125.0
8,7,4,0,12.0,28.0,25,0.8500000000000001,0.7500000000000001,0.45,0.05,125.0
8,7,5,0,12.0,24.0,33,0.8500000000000001,0.7500000000000001,0.55,0.05,125.0
8,7,6,0,10.0,24.91304347826087,23,0.8500000000000001,0.7500000000000001,0.6500000000000001,0.05,105.0
8,7,6,0,12.0,22.677419354838708,31,0.8500000000000001,0.7500000000000001,0.6500000000000001,0.05,125.0
8,7,7,0,10.0,15.777777777777779,27,0.8500000000000001,0.7500000000000001,0.7500000000000001,0.05,105.0
8,7,7,0,12.0,27.333333333333332,24,0.8500000000000001,0.7500000000000001,0.7500000000000001,0.05,125.0
8,7,8,0,12.0,34.107142857142854,28,0.8500000000000001,0.7500000000000001,0.8500000000000001,0.05,125.0
8,7,9,0,12.0,21.24137931034483,29,0.8500000000000001,0.7500000000000001,0.9500000000000001,0.05,125.0
8,8,5,0,12.0,25.74418604651163,43,0.8500000000000001,0.8500000000000001,0.55,0.05,125.0
8,8,6,0,12.0,25.071428571428573,28,0.8500000000000001,0.8500000000000001,0.6500000000000001,0.05,125.0
8,8,7,0,12.0,24.774193548387096,31,0.8500000000000001,0.8500000000000001,0.7500000000000001,0.05,125.0
8,8,8,0,12.0,28.085714285714285,35,0.8500000000000001,0.8500000000000001,0.8500000000000001,0.05,125.0
8,8,9,0,12.0,21.516129032258064,31,0.8500000000000001,0.8500000000000001,0.9500000000000001,0.05,125.0
9,5,3,0,10.0,5.391304347826087,23,0.9500000000000001,0.55,0.35000000000000003,0.05,105.0
